XXIX

1 2022002121, 012222 3220210222 0111222112 22 for„ 22122112 9 102,
22 22212222 02122 2131022122, 1012 22 122 00 00102102 1111121212
212212 2221032 22222212 02 2222 02222. 212121222022, 3 for.; 22 2112
22 22002 22122, 220 12 302110 0220 222202212220222, 3 102.; 2200220222
22002 22122 6 22222121 001210 021 01222 3220211222 022022022 2 2222212
1 001210. - U 1222222002 22021022 202212220 0022102112 022022 1202
0222 (1200 1112022212. 02. 2212210 2102 za 3 102. ιο 012222, 22122210
22 80 20102, 211201 22 ι1, 102.; 2212212 320 012222; 22 2122, 22222-
02121 2220122 ³92 012222; 12322 21222 22 5 102, 022 2022 21202 1
212222 22 2 102. 20 012222, 022 2012 22 4102, 22 011122 120.; 222122
122112221222221222, 120 12 010 2 2232202, 48 012222 za 02222;
12222 Μ22212221ἳ22221202222222 1220 1 22 12222 204 01222222 22 20
2202110 22 1 02 22222 2232202 1 00222022122, n. 02. 2222220222,1011
22 0022211 2 Stubicu 2221222112, 220 1212222 0122212 1122012020 02·
20220 0222; 111 0232202 021222,1011 22 02222 22 022 002111 120202
12222; 2232202112200021, 22012 220210 022020 012220 112 22022122
022002232, 220 12 202112 12211222 02211232. -·- 022211 22 00220221
000021 222 0002212122212 32202110 002220221222, n. 022 22 00022212
222 32202110 0202221210100 12222210, 2222212110 1 Novih 22222; 02
2220122212 1 2222012012111 22212 01200222222 111 002012 Μ202222212
111 2112210 122212 2 11121; 22 2220022, 2220220122, 02212, 22212 1 12-
2102 (210121; 22 0102022 122312 111 2211220 22 222121122; 2 22200102
22 02220122 0021201222 220211022 1220221112222 1 20 0012220 00 02222 00
2202220222 0122222, 2 0221 212021 00220221 1222021012 222102. 40
012222, 2 0210201122011 2122222 1221122211 00222 ²30 102, 02 00222·
22213220122020 221220 00 127 102., 20 12 21210120213220211 00·
22022122 300. 2462. 1220210 479 102. 40 012222.

’ Ρο2112 32202110 2222222 2222210 2 022 8002220112 1 222222111
0222112 2202102011 Α102222 Τ221212, 31222032 20222122112 000222 22·
3220221032 0121202 0222102 22 300. 2482. 1 2482, 1011210 22 1
002022 222 2121010022 012120212 0021202, 02202120 02 32200222 (12212,
ῦ22221221002111220 1221 (ἶ222222)1 Η222202122, 211 22 22100122 00-
2022 1 02 22322022110121202113220, 0210222 1 2220 2020212 2 022
201212, 220 222 12 2220221232 21212 1201221 022022211, 1011 nam predo·
2212 223220221032 0121202 120 22120021200112, 222 22022222212 2212-
3022 2122122201 1 002202 22 0121202110 32200210, 222 22110022 01222,
001210, 02202202, 2 0022 22 222101111220221222222210 32200210. -

Sto 22 0210 020022 tice 0022021222 2232202211012120211 3220, 2221
22 2 122210, 02 12 placa: 012222 1 3220210121221222201, 02122 022222
1001212, 0112 00 200, 00 ¹50 00 200 20102 22 3001222; 222122 222221
22021021, 120 22 poputnicu 3220211222 21232222,1011 22 00122111 0110

 

